8 0.557300 0.088750 0.707279 0.213068 0.655481 0.362955 0.505503 0.238636
8 0.480314 0.544757 0.584379 0.647727 0.490337 0.875697 0.386272 0.772727
5 0.276087 0.000000 0.501174 0.196421 0.393401 0.492654 0.168314 0.296233
4 0.670026 0.245731 0.865960 0.400685 0.784383 0.648105 0.588450 0.493151
2 0.357375 0.452055 0.398557 0.333606 0.565232 0.472603 0.524050 0.591052
11 0.254144 0.325456 0.337474 0.452055 0.206314 0.659133 0.122984 0.532534
9 0.319703 0.416043 0.406022 0.506849 0.312126 0.720943 0.225806 0.630137
14 0.374710 0.479167 0.494472 0.575342 0.429595 0.769121 0.309833 0.672945
3 0.512162 0.582192 0.558547 0.457080 0.745448 0.623288 0.699063 0.748400
17 0.753227 0.610808 0.893601 0.736301 0.844913 0.866932 0.704540 0.741438
17 0.589302 0.619653 0.748764 0.767123 0.679364 0.947127 0.519901 0.799658
17 0.433663 0.352740 0.476567 0.223640 0.649259 0.361301 0.606354 0.490401
