8 0.088750 0.557300 0.238636 0.505503 0.362955 0.655481 0.213068 0.707279
8 0.544757 0.480314 0.772727 0.386272 0.875697 0.490337 0.647727 0.584379
5 0.000000 0.276087 0.296233 0.168314 0.492654 0.393401 0.196421 0.501174
4 0.245731 0.670026 0.493151 0.588450 0.648105 0.784383 0.400685 0.865960
2 0.333606 0.398557 0.452055 0.357375 0.591052 0.524050 0.472603 0.565232
11 0.532534 0.122984 0.659133 0.206314 0.452055 0.337474 0.325456 0.254144
9 0.630137 0.225806 0.720943 0.312126 0.506849 0.406022 0.416043 0.319703
14 0.479167 0.374710 0.672945 0.309833 0.769121 0.429595 0.575342 0.494472
3 0.457080 0.558547 0.582192 0.512162 0.748400 0.699063 0.623288 0.745448
17 0.610808 0.753227 0.741438 0.704540 0.866932 0.844913 0.736301 0.893601
17 0.619653 0.589302 0.799658 0.519901 0.947127 0.679364 0.767123 0.748764
17 0.223640 0.476567 0.352740 0.433663 0.490401 0.606354 0.361301 0.649259
