8 0.505503 0.761364 0.655481 0.637045 0.707279 0.786932 0.557300 0.911250
8 0.386272 0.227273 0.490337 0.124303 0.584379 0.352273 0.480314 0.455243
5 0.168314 0.703767 0.393401 0.507346 0.501174 0.803579 0.276087 1.000000
4 0.588450 0.506849 0.784383 0.351895 0.865960 0.599315 0.670026 0.754269
2 0.524050 0.408948 0.565232 0.527397 0.398557 0.666394 0.357375 0.547945
11 0.122984 0.467466 0.206314 0.340867 0.337474 0.547945 0.254144 0.674544
9 0.225806 0.369863 0.312126 0.279057 0.406022 0.493151 0.319703 0.583957
14 0.309833 0.327055 0.429595 0.230879 0.494472 0.424658 0.374710 0.520833
3 0.699063 0.251600 0.745448 0.376712 0.558547 0.542920 0.512162 0.417808
17 0.704540 0.258562 0.844913 0.133068 0.893601 0.263699 0.753227 0.389192
17 0.519901 0.200342 0.679364 0.052873 0.748764 0.232877 0.589302 0.380347
17 0.606354 0.509599 0.649259 0.638699 0.476567 0.776360 0.433663 0.647260
