8 0.637045 0.344519 0.786932 0.292721 0.911250 0.442700 0.761364 0.494497
8 0.124303 0.509663 0.352273 0.415621 0.455243 0.519686 0.227273 0.613728
5 0.507346 0.606599 0.803579 0.498826 1.000000 0.723913 0.703767 0.831686
4 0.351895 0.215617 0.599315 0.134040 0.754269 0.329974 0.506849 0.411550
2 0.408948 0.475950 0.527397 0.434768 0.666394 0.601443 0.547945 0.642625
11 0.547945 0.662526 0.674544 0.745856 0.467466 0.877016 0.340867 0.793686
9 0.493151 0.593978 0.583957 0.680297 0.369863 0.774194 0.279057 0.687874
14 0.230879 0.570405 0.424658 0.505528 0.520833 0.625290 0.327055 0.690167
3 0.251600 0.300937 0.376712 0.254552 0.542920 0.441453 0.417808 0.487838
17 0.133068 0.155087 0.263699 0.106399 0.389192 0.246773 0.258562 0.295460
17 0.052873 0.320636 0.232877 0.251236 0.380347 0.410698 0.200342 0.480099
17 0.509599 0.393646 0.638699 0.350741 0.776360 0.523433 0.647260 0.566337
