17 0.003340 0.006477 0.135502 0.000877 0.139081 0.219839 0.006919 0.225439
17 0.120246 0.120175 0.251008 0.120175 0.251008 0.430702 0.120246 0.430702
17 0.220012 0.000000 0.362931 0.010786 0.360147 0.106400 0.217228 0.095614
17 0.001471 0.402632 0.140479 0.399388 0.144219 0.814912 0.005211 0.818156
17 0.287563 0.227392 0.460227 0.230702 0.457452 0.605941 0.284788 0.602632
17 0.135502 0.832456 0.388537 0.664933 0.431330 0.832477 0.178295 1.000000
17 0.357066 0.085841 0.556119 0.000000 0.585181 0.174685 0.386128 0.260526
17 0.465388 0.444278 0.628037 0.425439 0.643580 0.773266 0.480931 0.792105
17 0.569557 0.064122 0.754440 0.067544 0.751898 0.423597 0.567015 0.420175
17 0.653835 0.507561 0.860139 0.365789 0.909529 0.552089 0.703225 0.693860
17 0.686880 0.723684 0.914816 0.716295 0.917893 0.962281 0.689956 0.969670
17 0.675608 0.000000 0.794748 0.001810 0.794034 0.123739 0.674894 0.121930
17 0.806689 0.007925 0.995586 0.000077 1.000000 0.275485 0.811104 0.283333
