8 0.292721 0.213068 0.442700 0.088750 0.494497 0.238636 0.344519 0.362955
8 0.415621 0.647727 0.519686 0.544757 0.613728 0.772727 0.509663 0.875697
5 0.498826 0.196421 0.723913 0.000000 0.831686 0.296233 0.606599 0.492654
4 0.134040 0.400685 0.329974 0.245731 0.411550 0.493151 0.215617 0.648105
2 0.601443 0.333606 0.642625 0.452055 0.475950 0.591052 0.434768 0.472603
11 0.662526 0.452055 0.745856 0.325456 0.877016 0.532534 0.793686 0.659133
9 0.593978 0.506849 0.680297 0.416043 0.774194 0.630137 0.687874 0.720943
14 0.505528 0.575342 0.625290 0.479167 0.690167 0.672945 0.570405 0.769121
3 0.441453 0.457080 0.487838 0.582192 0.300937 0.748400 0.254552 0.623288
17 0.106399 0.736301 0.246773 0.610808 0.295460 0.741438 0.155087 0.866932
17 0.251236 0.767123 0.410698 0.619653 0.480099 0.799658 0.320636 0.947127
17 0.523433 0.223640 0.566337 0.352740 0.393646 0.490401 0.350741 0.361301
